60
156
1.0
0 1 1
0 2 1
0 3 1
0 4 1
0 5 1
0 6 1
0 7 1
0 8 1
0 9 1
0 10 1
0 11 1
0 12 1
0 13 1
0 14 1
0 15 1
0 16 1
0 17 1
0 18 1
0 19 1
0 20 1
0 21 1
0 22 1
0 23 1
0 24 1
0 25 1
0 26 1
0 27 1
0 28 1
0 29 1
0 30 1
0 31 1
0 32 1
0 33 1
0 34 1
0 35 1
0 36 1
0 37 1
0 38 1
0 39 1
0 40 1
0 41 1
0 42 1
0 43 1
0 44 1
0 45 1
0 46 1
0 47 1
0 48 1
0 49 1
0 50 1
0 51 1
0 52 1
0 53 1
0 54 1
0 55 1
0 56 1
0 57 1
0 58 1
0 59 1
1 2 1729
1 14 80
14 13 170
13 12 215
12 11 80
11 10 330
10 9 200
9 5 200
5 8 350
8 6 120
6 7 130
7 8 120
5 3 80
3 4 160
3 1 120
16 17 70
16 18 23
16 15 64
17 18 78
15 18 81
18 21 2
15 4 81
16 7 6
20 21 27
2 21 21
2 20 12
2 19 16
19 20 18
20 14 31
6 22 76
7 24 79
8 23 78
22 24 153
22 23 151
22 25 152
23 25 167
24 25 171
25 26 9
9 26 217
10 27 251
26 27 7
10 28 314
27 28 2
14 29 16
29 12 14
10 36 314
11 35 217
12 34 418
12 31 500
28 30 377
28 37 451
37 38 1470
38 39 1590
30 38 1150
30 32 870
30 31 680
32 33 990
33 34 1200
34 35 1500
35 36 1600
36 37 1670
31 33 1111
9 45 1300
45 46 2100
46 44 1900
44 45 2050
46 47 900
47 10 1280
44 42 3100
40 42 1650
40 1 870
40 14 890
42 53 1200
53 43 750
43 13 1400
43 41 810
41 13 610
47 48 2558
43 49 2613
41 50 2423
11 52 2242
12 51 2361
48 54 1400
49 54 1515
50 54 1415
51 54 1466
52 54 1434
54 55 3012
55 56 3850
55 57 3700
56 58 5100
57 59 5250
48 49 1700
49 50 1700
50 51 1700
51 52 1700
52 48 1700
